3 3
-------Topology--------
-1 1 0 1 0 0 0 0 0 
1 -1 1 0 1 0 0 0 0 
0 1 -1 0 0 1 0 0 0 
1 0 0 -1 1 0 1 0 0 
0 1 0 1 -1 1 0 1 0 
0 0 1 0 1 -1 0 0 1 
0 0 0 1 0 0 -1 1 0 
0 0 0 0 1 0 1 -1 1 
0 0 0 0 0 1 0 1 -1 

-------SpinRing--------
9

0 1
0 3
1 0
1 2
1 4
2 1
2 5
3 0
3 4
3 6
4 1
4 3
4 5
4 7
5 2
5 4
5 8
6 3
6 7
7 4
7 6
7 8
8 5
8 7

-------UP/DOWN--------
- d - d - - - - - 
u - d - d - - - - 
- u - - - d - - - 
u - - - d - d - - 
- u - u - d - d - 
- - u - u - - - d 
- - - u - - - d - 
- - - - u - u - d 
- - - - - u - u - 

-------UP/DOWN_PATHS--------
 [ 0]-----: [1] :
0 1 

 [ 0]-----: [2] :
0 1 2 

 [ 0]-----: [3] :
0 3 

 [ 0]-----: [4] :
0 1 4 

 [ 0]-----: [5] :
0 1 2 5 

 [ 0]-----: [6] :
0 3 6 

 [ 0]-----: [7] :
0 1 4 7 

 [ 0]-----: [8] :
0 1 2 5 8 

 [ 1]-----: [0] :
1 0 

 [ 1]-----: [2] :
1 2 

 [ 1]-----: [3] :
1 0 3 

 [ 1]-----: [4] :
1 4 

 [ 1]-----: [5] :
1 2 5 

 [ 1]-----: [6] :
1 0 3 6 

 [ 1]-----: [7] :
1 4 7 

 [ 1]-----: [8] :
1 2 5 8 

 [ 2]-----: [0] :
2 1 0 

 [ 2]-----: [1] :
2 1 

 [ 2]-----: [3] :
2 1 0 3 

 [ 2]-----: [4] :
2 1 0 3 4 

 [ 2]-----: [5] :
2 5 

 [ 2]-----: [6] :
2 1 0 3 6 

 [ 2]-----: [7] :
2 1 0 3 4 7 

 [ 2]-----: [8] :
2 5 8 

 [ 3]-----: [0] :
3 0 

 [ 3]-----: [1] :
3 0 1 

 [ 3]-----: [2] :
3 0 1 2 

 [ 3]-----: [4] :
3 4 

 [ 3]-----: [5] :
3 0 1 2 5 

 [ 3]-----: [6] :
3 6 

 [ 3]-----: [7] :
3 4 7 

 [ 3]-----: [8] :
3 0 1 2 5 8 

 [ 4]-----: [0] :
4 1 0 

 [ 4]-----: [1] :
4 1 

 [ 4]-----: [2] :
4 1 2 

 [ 4]-----: [3] :
4 1 0 3 

 [ 4]-----: [5] :
4 1 2 5 

 [ 4]-----: [6] :
4 1 0 3 6 

 [ 4]-----: [7] :
4 7 

 [ 4]-----: [8] :
4 1 0 3 6 7 8 

 [ 5]-----: [0] :
5 2 1 0 

 [ 5]-----: [1] :
5 2 1 

 [ 5]-----: [2] :
5 2 

 [ 5]-----: [3] :
5 2 1 0 3 

 [ 5]-----: [4] :
5 2 1 0 3 4 

 [ 5]-----: [6] :
5 2 1 0 3 6 

 [ 5]-----: [7] :
5 2 1 0 3 4 7 

 [ 5]-----: [8] :
5 8 

 [ 6]-----: [0] :
6 3 0 

 [ 6]-----: [1] :
6 3 0 1 

 [ 6]-----: [2] :
6 3 0 1 2 

 [ 6]-----: [3] :
6 3 

 [ 6]-----: [4] :
6 3 0 1 4 

 [ 6]-----: [5] :
6 3 0 1 2 5 

 [ 6]-----: [7] :
6 7 

 [ 6]-----: [8] :
6 7 8 

 [ 7]-----: [0] :
7 4 1 0 

 [ 7]-----: [1] :
7 4 1 

 [ 7]-----: [2] :
7 4 1 2 

 [ 7]-----: [3] :
7 4 1 0 3 

 [ 7]-----: [4] :
7 4 

 [ 7]-----: [5] :
7 4 1 2 5 

 [ 7]-----: [6] :
7 4 1 0 3 6 

 [ 7]-----: [8] :
7 8 

 [ 8]-----: [0] :
8 5 2 1 0 

 [ 8]-----: [1] :
8 5 2 1 

 [ 8]-----: [2] :
8 5 2 

 [ 8]-----: [3] :
8 5 2 1 0 3 

 [ 8]-----: [4] :
8 5 2 1 0 3 4 

 [ 8]-----: [5] :
8 5 

 [ 8]-----: [6] :
8 5 2 1 0 3 6 

 [ 8]-----: [7] :
8 5 2 1 0 3 4 7 

